142
512
513
260
517
780
270
1297
275
787
22
1049
1564
1310
1313
1315
1060
550
1318
39
43
1326
1071
1327
305
818
1077
1334
57
1342
832
1344
321
1345
1346
69
1093
1357
590
1102
79
848
593
1361
1362
851
852
86
598
88
1113
1371
604
352
866
356
612
869
873
1130
1131
876
622
1137
372
1149
1406
1409
1410
387
390
1415
394
1162
396
652
654
1423
400
401
1427
150
665
154
1181
1186
167
680
1451
1196
430
1200
689
178
437
696
952
185
953
1211
1216
705
1474
1478
968
1225
1230
463
1487
468
981
982
215
218
1242
1498
1243
1251
997
486
1254
233
745
1002
1514
236
1264
241
1521
243
1011
757
1269
504
1273
251
1275
1531
764
1020
1021
254
1535
28
0
257
2
322
3
67
199
9
138
202
203
273
211
212
21
23
88
283
354
35
167
296
42
109
240
241
53
125
